0001 17
0002 39
0003 80
0004 44
0005 10
0006 58
0007 49
0008 64
0009 77
0010 97
0011 86
0012 36
0013 79
0014 72
0015 60
0016 98
0017 40
0018 69
0019 28
0020 42
0021 5
0022 47
0023 35
0024 55
0025 30
0026 23
0027 88
0028 34
0029 21
0030 25
0031 55
0032 58
0033 16
0034 78
0035 56
0036 46
0037 59
0038 24
0039 92
0040 45
0041 49
0042 29
0043 78
0044 26
0045 84
0046 76
0047 66
0048 53
0049 94
0050 62
0051 75
0052 82
0053 60
0054 93
0055 37
0056 18
0057 42
0058 54
0059 70
0060 74
0061 81
0062 72
0063 65
0064 69
0065 89
0066 68
0067 85
0068 13
0069 79
0070 83
0071 61
0072 3
0073 15
0074 56
0075 56
0076 33
0077 71
0078 91
0079 85
0080 9